   0.26383E+02    0.68820E+01    0.18776E+02    0.16567E+01
   0.26383E+02    0.68820E+01    0.18776E+02    0.16567E+01
   0.26063E+02    0.69392E+01    0.18806E+02    0.16511E+01
   0.26063E+02    0.69392E+01    0.18806E+02    0.16511E+01
   0.26176E+02    0.68859E+01    0.18768E+02    0.16449E+01
   0.26176E+02    0.68859E+01    0.18768E+02    0.16449E+01
   0.26649E+02    0.68948E+01    0.19062E+02    0.16809E+01
   0.26649E+02    0.68948E+01    0.19062E+02    0.16809E+01
   0.26313E+02    0.70044E+01    0.18416E+02    0.16787E+01
   0.26313E+02    0.70044E+01    0.18416E+02    0.16787E+01
   0.26500E+02    0.70629E+01    0.19657E+02    0.16931E+01
   0.26500E+02    0.70629E+01    0.19657E+02    0.16931E+01
   0.26697E+02    0.70233E+01    0.18955E+02    0.17324E+01
   0.26697E+02    0.70233E+01    0.18955E+02    0.17324E+01
   0.26853E+02    0.70736E+01    0.18645E+02    0.16482E+01
   0.26853E+02    0.70736E+01    0.18645E+02    0.16482E+01
   0.27028E+02    0.69815E+01    0.19002E+02    0.16853E+01
   0.27028E+02    0.69815E+01    0.19002E+02    0.16853E+01
   0.27265E+02    0.67717E+01    0.19265E+02    0.16606E+01
   0.27265E+02    0.67717E+01    0.19265E+02    0.16606E+01
   0.27329E+02    0.67655E+01    0.19349E+02    0.16819E+01
   0.27329E+02    0.67655E+01    0.19349E+02    0.16819E+01
   0.27534E+02    0.68716E+01    0.19017E+02    0.16427E+01
   0.27534E+02    0.68716E+01    0.19017E+02    0.16427E+01
   0.27710E+02    0.68036E+01    0.19466E+02    0.16266E+01
   0.27710E+02    0.68036E+01    0.19466E+02    0.16266E+01
   0.27791E+02    0.69132E+01    0.18756E+02    0.16493E+01
   0.27791E+02    0.69132E+01    0.18756E+02    0.16493E+01
   0.27856E+02    0.70429E+01    0.19021E+02    0.16958E+01
   0.27856E+02    0.70429E+01    0.19021E+02    0.16958E+01
   0.28323E+02    0.70519E+01    0.19085E+02    0.16384E+01
   0.28323E+02    0.70519E+01    0.19085E+02    0.16384E+01
   0.28280E+02    0.69800E+01    0.18764E+02    0.15984E+01
   0.28280E+02    0.69800E+01    0.18764E+02    0.15984E+01
   0.28883E+02    0.68394E+01    0.19046E+02    0.16126E+01
   0.28883E+02    0.68394E+01    0.19046E+02    0.16126E+01
   0.29038E+02    0.67435E+01    0.19092E+02    0.16019E+01
   0.29038E+02    0.67435E+01    0.19092E+02    0.16019E+01
   0.29489E+02    0.66800E+01    0.18632E+02    0.16407E+01
   0.29489E+02    0.66800E+01    0.18632E+02    0.16407E+01
   0.29105E+02    0.68524E+01    0.18739E+02    0.15834E+01
   0.29105E+02    0.68524E+01    0.18739E+02    0.15834E+01
   0.29302E+02    0.70015E+01    0.18736E+02    0.16100E+01
   0.29302E+02    0.70015E+01    0.18736E+02    0.16100E+01
   0.29752E+02    0.67285E+01    0.19011E+02    0.15961E+01
   0.29752E+02    0.67285E+01    0.19011E+02    0.15961E+01
   0.30194E+02    0.68772E+01    0.19001E+02    0.15777E+01
   0.30194E+02    0.68772E+01    0.19001E+02    0.15777E+01
   0.30143E+02    0.70061E+01    0.18770E+02    0.15767E+01
   0.30143E+02    0.70061E+01    0.18770E+02    0.15767E+01
   0.30219E+02    0.68814E+01    0.18815E+02    0.15844E+01
   0.30219E+02    0.68814E+01    0.18815E+02    0.15844E+01
   0.30427E+02    0.67480E+01    0.18665E+02    0.15689E+01
   0.30427E+02    0.67480E+01    0.18665E+02    0.15689E+01
   0.31182E+02    0.68530E+01    0.18651E+02    0.15393E+01
   0.31182E+02    0.68530E+01    0.18651E+02    0.15393E+01
   0.31004E+02    0.67293E+01    0.18580E+02    0.15731E+01
   0.31004E+02    0.67293E+01    0.18580E+02    0.15731E+01
   0.30870E+02    0.68741E+01    0.18596E+02    0.15550E+01
   0.30870E+02    0.68741E+01    0.18596E+02    0.15550E+01
   0.31447E+02    0.71010E+01    0.18586E+02    0.15837E+01
   0.31447E+02    0.71010E+01    0.18586E+02    0.15837E+01
   0.31116E+02    0.69739E+01    0.18374E+02    0.15655E+01
   0.31116E+02    0.69739E+01    0.18374E+02    0.15655E+01
   0.31241E+02    0.68346E+01    0.18716E+02    0.15430E+01
   0.31241E+02    0.68346E+01    0.18716E+02    0.15430E+01
   0.31460E+02    0.66121E+01    0.18902E+02    0.15243E+01
   0.31460E+02    0.66121E+01    0.18902E+02    0.15243E+01
   0.31835E+02    0.68717E+01    0.18995E+02    0.15398E+01
   0.31835E+02    0.68717E+01    0.18995E+02    0.15398E+01
   0.32170E+02    0.68199E+01    0.18900E+02    0.16013E+01
   0.32170E+02    0.68199E+01    0.18900E+02    0.16013E+01
   0.31803E+02    0.68518E+01    0.19039E+02    0.15636E+01
   0.31803E+02    0.68518E+01    0.19039E+02    0.15636E+01
   0.32101E+02    0.69491E+01    0.19037E+02    0.15720E+01
   0.32101E+02    0.69491E+01    0.19037E+02    0.15720E+01
   0.32214E+02    0.68651E+01    0.19293E+02    0.15775E+01
   0.32214E+02    0.68651E+01    0.19293E+02    0.15775E+01
   0.31908E+02    0.69303E+01    0.19655E+02    0.15466E+01
   0.31908E+02    0.69303E+01    0.19655E+02    0.15466E+01
   0.32474E+02    0.70222E+01    0.19721E+02    0.15726E+01
   0.32474E+02    0.70222E+01    0.19721E+02    0.15726E+01
   0.32220E+02    0.68914E+01    0.19515E+02    0.15638E+01
   0.32220E+02    0.68914E+01    0.19515E+02    0.15638E+01
   0.32352E+02    0.69443E+01    0.20106E+02    0.15759E+01
   0.32352E+02    0.69443E+01    0.20106E+02    0.15759E+01
   0.32464E+02    0.69160E+01    0.19514E+02    0.15394E+01
   0.32464E+02    0.69160E+01    0.19514E+02    0.15394E+01
   0.32236E+02    0.70052E+01    0.19670E+02    0.15882E+01
   0.32236E+02    0.70052E+01    0.19670E+02    0.15882E+01
   0.32564E+02    0.69667E+01    0.20100E+02    0.15959E+01
   0.32564E+02    0.69667E+01    0.20100E+02    0.15959E+01
   0.32881E+02    0.71438E+01    0.20067E+02    0.15707E+01
   0.32881E+02    0.71438E+01    0.20067E+02    0.15707E+01
   0.32758E+02    0.69622E+01    0.20089E+02    0.15395E+01
   0.32758E+02    0.69622E+01    0.20089E+02    0.15395E+01
   0.32781E+02    0.67651E+01    0.20012E+02    0.15826E+01
   0.32781E+02    0.67651E+01    0.20012E+02    0.15826E+01
   0.32815E+02    0.69353E+01    0.20034E+02    0.15655E+01
   0.32815E+02    0.69353E+01    0.20034E+02    0.15655E+01
   0.33253E+02    0.69198E+01    0.20458E+02    0.15586E+01
   0.33253E+02    0.69198E+01    0.20458E+02    0.15586E+01
   0.33222E+02    0.71252E+01    0.20453E+02    0.15249E+01
   0.33222E+02    0.71252E+01    0.20453E+02    0.15249E+01
   0.32766E+02    0.71769E+01    0.20287E+02    0.15935E+01
   0.32766E+02    0.71769E+01    0.20287E+02    0.15935E+01
   0.33075E+02    0.70258E+01    0.20557E+02    0.15913E+01
   0.33075E+02    0.70258E+01    0.20557E+02    0.15913E+01
   0.33283E+02    0.72490E+01    0.20364E+02    0.15810E+01
   0.33283E+02    0.72490E+01    0.20364E+02    0.15810E+01
   0.33435E+02    0.69528E+01    0.20435E+02    0.15330E+01
   0.33435E+02    0.69528E+01    0.20435E+02    0.15330E+01
   0.33278E+02    0.71645E+01    0.20725E+02    0.15540E+01
   0.33278E+02    0.71645E+01    0.20725E+02    0.15540E+01
   0.33408E+02    0.69710E+01    0.21134E+02    0.15320E+01
   0.33408E+02    0.69710E+01    0.21134E+02    0.15320E+01
   0.34364E+02    0.69420E+01    0.20667E+02    0.15376E+01
   0.34364E+02    0.69420E+01    0.20667E+02    0.15376E+01
   0.33723E+02    0.70262E+01    0.20910E+02    0.15716E+01
   0.33723E+02    0.70262E+01    0.20910E+02    0.15716E+01
   0.33762E+02    0.69004E+01    0.20879E+02    0.15278E+01
   0.33762E+02    0.69004E+01    0.20879E+02    0.15278E+01
   0.34307E+02    0.66981E+01    0.20658E+02    0.15223E+01
   0.34307E+02    0.66981E+01    0.20658E+02    0.15223E+01
   0.33855E+02    0.69814E+01    0.20137E+02    0.15470E+01
   0.33855E+02    0.69814E+01    0.20137E+02    0.15470E+01
   0.35090E+02    0.69806E+01    0.19666E+02    0.15280E+01
   0.35090E+02    0.69806E+01    0.19666E+02    0.15280E+01
   0.34912E+02    0.69322E+01    0.19755E+02    0.15621E+01
   0.34912E+02    0.69322E+01    0.19755E+02    0.15621E+01
   0.34998E+02    0.67560E+01    0.19730E+02    0.15293E+01
   0.34998E+02    0.67560E+01    0.19730E+02    0.15293E+01
   0.35370E+02    0.69199E+01    0.19928E+02    0.14890E+01
   0.35370E+02    0.69199E+01    0.19928E+02    0.14890E+01
   0.35810E+02    0.68747E+01    0.19548E+02    0.15156E+01
   0.35810E+02    0.68747E+01    0.19548E+02    0.15156E+01
   0.35684E+02    0.68999E+01    0.19510E+02    0.15106E+01
   0.35684E+02    0.68999E+01    0.19510E+02    0.15106E+01
   0.35607E+02    0.67721E+01    0.19599E+02    0.14622E+01
   0.35607E+02    0.67721E+01    0.19599E+02    0.14622E+01
   0.35664E+02    0.69090E+01    0.19118E+02    0.15005E+01
   0.35664E+02    0.69090E+01    0.19118E+02    0.15005E+01
   0.35662E+02    0.69195E+01    0.19530E+02    0.15149E+01
   0.35662E+02    0.69195E+01    0.19530E+02    0.15149E+01
   0.35533E+02    0.69636E+01    0.19623E+02    0.14554E+01
   0.35533E+02    0.69636E+01    0.19623E+02    0.14554E+01
   0.35603E+02    0.69107E+01    0.19822E+02    0.15305E+01
   0.35603E+02    0.69107E+01    0.19822E+02    0.15305E+01
   0.35904E+02    0.69978E+01    0.20007E+02    0.14994E+01
   0.35904E+02    0.69978E+01    0.20007E+02    0.14994E+01
   0.35862E+02    0.67994E+01    0.19527E+02    0.14948E+01
   0.35862E+02    0.67994E+01    0.19527E+02    0.14948E+01
   0.35594E+02    0.68339E+01    0.19527E+02    0.15012E+01
   0.35594E+02    0.68339E+01    0.19527E+02    0.15012E+01
   0.35370E+02    0.68037E+01    0.19118E+02    0.15047E+01
   0.35370E+02    0.68037E+01    0.19118E+02    0.15047E+01
   0.35497E+02    0.69614E+01    0.19672E+02    0.15077E+01
   0.35497E+02    0.69614E+01    0.19672E+02    0.15077E+01
   0.35591E+02    0.68940E+01    0.19916E+02    0.14785E+01
   0.35591E+02    0.68940E+01    0.19916E+02    0.14785E+01
   0.35838E+02    0.67312E+01    0.19484E+02    0.15211E+01
   0.35838E+02    0.67312E+01    0.19484E+02    0.15211E+01
   0.35663E+02    0.68978E+01    0.19448E+02    0.15112E+01
   0.35663E+02    0.68978E+01    0.19448E+02    0.15112E+01
   0.35832E+02    0.69123E+01    0.19285E+02    0.14886E+01
   0.35832E+02    0.69123E+01    0.19285E+02    0.14886E+01
   0.35327E+02    0.68630E+01    0.19494E+02    0.14835E+01
   0.35327E+02    0.68630E+01    0.19494E+02    0.14835E+01
   0.35712E+02    0.71153E+01    0.19615E+02    0.15097E+01
   0.35712E+02    0.71153E+01    0.19615E+02    0.15097E+01
   0.35278E+02    0.68354E+01    0.19998E+02    0.15265E+01
   0.35278E+02    0.68354E+01    0.19998E+02    0.15265E+01
   0.35608E+02    0.69112E+01    0.19784E+02    0.14679E+01
   0.35608E+02    0.69112E+01    0.19784E+02    0.14679E+01
   0.35420E+02    0.69864E+01    0.19412E+02    0.14902E+01
   0.35420E+02    0.69864E+01    0.19412E+02    0.14902E+01
   0.35638E+02    0.67224E+01    0.19918E+02    0.14784E+01
   0.35638E+02    0.67224E+01    0.19918E+02    0.14784E+01
   0.35449E+02    0.68658E+01    0.19326E+02    0.15423E+01
   0.35449E+02    0.68658E+01    0.19326E+02    0.15423E+01
   0.35285E+02    0.69016E+01    0.19182E+02    0.15172E+01
   0.35285E+02    0.69016E+01    0.19182E+02    0.15172E+01
   0.35744E+02    0.68669E+01    0.19373E+02    0.15048E+01
   0.35744E+02    0.68669E+01    0.19373E+02    0.15048E+01
   0.35528E+02    0.68182E+01    0.19601E+02    0.15147E+01
   0.35528E+02    0.68182E+01    0.19601E+02    0.15147E+01
   0.35577E+02    0.67945E+01    0.19700E+02    0.15042E+01
   0.35577E+02    0.67945E+01    0.19700E+02    0.15042E+01
   0.35510E+02    0.70691E+01    0.19736E+02    0.15031E+01
   0.35510E+02    0.70691E+01    0.19736E+02    0.15031E+01
   0.35323E+02    0.66445E+01    0.19135E+02    0.14851E+01
   0.35323E+02    0.66445E+01    0.19135E+02    0.14851E+01
   0.35267E+02    0.69090E+01    0.19928E+02    0.15076E+01
   0.35267E+02    0.69090E+01    0.19928E+02    0.15076E+01
   0.35695E+02    0.68938E+01    0.19424E+02    0.15113E+01
   0.35695E+02    0.68938E+01    0.19424E+02    0.15113E+01
   0.35479E+02    0.68091E+01    0.19706E+02    0.15029E+01
   0.35479E+02    0.68091E+01    0.19706E+02    0.15029E+01
   0.35540E+02    0.68929E+01    0.19857E+02    0.15276E+01
   0.35540E+02    0.68929E+01    0.19857E+02    0.15276E+01
   0.35451E+02    0.67940E+01    0.19394E+02    0.15317E+01
   0.35451E+02    0.67940E+01    0.19394E+02    0.15317E+01
   0.35726E+02    0.68098E+01    0.19290E+02    0.14768E+01
   0.35726E+02    0.68098E+01    0.19290E+02    0.14768E+01
   0.35436E+02    0.68452E+01    0.19571E+02    0.15106E+01
   0.35436E+02    0.68452E+01    0.19571E+02    0.15106E+01
   0.35563E+02    0.69482E+01    0.19123E+02    0.14649E+01
   0.35563E+02    0.69482E+01    0.19123E+02    0.14649E+01
   0.35435E+02    0.68009E+01    0.19386E+02    0.14663E+01
   0.35435E+02    0.68009E+01    0.19386E+02    0.14663E+01
   0.35326E+02    0.69089E+01    0.20063E+02    0.15023E+01
   0.35326E+02    0.69089E+01    0.20063E+02    0.15023E+01
   0.35784E+02    0.68774E+01    0.19195E+02    0.15455E+01
   0.35784E+02    0.68774E+01    0.19195E+02    0.15455E+01
   0.35552E+02    0.68429E+01    0.19398E+02    0.15219E+01
   0.35552E+02    0.68429E+01    0.19398E+02    0.15219E+01
   0.35222E+02    0.69626E+01    0.19610E+02    0.15187E+01
   0.35222E+02    0.69626E+01    0.19610E+02    0.15187E+01
   0.35036E+02    0.68842E+01    0.19802E+02    0.15225E+01
   0.35036E+02    0.68842E+01    0.19802E+02    0.15225E+01
   0.35865E+02    0.68167E+01    0.19437E+02    0.15243E+01
   0.35865E+02    0.68167E+01    0.19437E+02    0.15243E+01
   0.35416E+02    0.67974E+01    0.19731E+02    0.14914E+01
   0.35416E+02    0.67974E+01    0.19731E+02    0.14914E+01
   0.35496E+02    0.69047E+01    0.19797E+02    0.14638E+01
   0.35496E+02    0.69047E+01    0.19797E+02    0.14638E+01
   0.35481E+02    0.69259E+01    0.19300E+02    0.15041E+01
   0.35481E+02    0.69259E+01    0.19300E+02    0.15041E+01
   0.35182E+02    0.67239E+01    0.19135E+02    0.15373E+01
   0.35182E+02    0.67239E+01    0.19135E+02    0.15373E+01
   0.35545E+02    0.68117E+01    0.19255E+02    0.14734E+01
   0.35545E+02    0.68117E+01    0.19255E+02    0.14734E+01
   0.34961E+02    0.68279E+01    0.20154E+02    0.14999E+01
   0.34961E+02    0.68279E+01    0.20154E+02    0.14999E+01
   0.35730E+02    0.67693E+01    0.19291E+02    0.14987E+01
   0.35730E+02    0.67693E+01    0.19291E+02    0.14987E+01
   0.35191E+02    0.68444E+01    0.19591E+02    0.15152E+01
   0.35191E+02    0.68444E+01    0.19591E+02    0.15152E+01
   0.35409E+02    0.69934E+01    0.19853E+02    0.14872E+01
   0.35409E+02    0.69934E+01    0.19853E+02    0.14872E+01
   0.35377E+02    0.69471E+01    0.19746E+02    0.15056E+01
   0.35377E+02    0.69471E+01    0.19746E+02    0.15056E+01
   0.35689E+02    0.67581E+01    0.19366E+02    0.15078E+01
   0.35689E+02    0.67581E+01    0.19366E+02    0.15078E+01
   0.35952E+02    0.69055E+01    0.19581E+02    0.14869E+01
   0.35952E+02    0.69055E+01    0.19581E+02    0.14869E+01
   0.35579E+02    0.68004E+01    0.19687E+02    0.14717E+01
   0.35579E+02    0.68004E+01    0.19687E+02    0.14717E+01
   0.35832E+02    0.69493E+01    0.19959E+02    0.15247E+01
   0.35832E+02    0.69493E+01    0.19959E+02    0.15247E+01
   0.35784E+02    0.69815E+01    0.19776E+02    0.14581E+01
   0.35784E+02    0.69815E+01    0.19776E+02    0.14581E+01
   0.35336E+02    0.68473E+01    0.19338E+02    0.15027E+01
   0.35336E+02    0.68473E+01    0.19338E+02    0.15027E+01
   0.35379E+02    0.69493E+01    0.19624E+02    0.15001E+01
   0.35379E+02    0.69493E+01    0.19624E+02    0.15001E+01
   0.35778E+02    0.68555E+01    0.19449E+02    0.14870E+01
   0.35778E+02    0.68555E+01    0.19449E+02    0.14870E+01
   0.35392E+02    0.68158E+01    0.20047E+02    0.15256E+01
   0.35392E+02    0.68158E+01    0.20047E+02    0.15256E+01
   0.35458E+02    0.68182E+01    0.19761E+02    0.15479E+01
   0.35458E+02    0.68182E+01    0.19761E+02    0.15479E+01
   0.35507E+02    0.67848E+01    0.19535E+02    0.15239E+01
   0.35507E+02    0.67848E+01    0.19535E+02    0.15239E+01
   0.35855E+02    0.68421E+01    0.19404E+02    0.15113E+01
   0.35855E+02    0.68421E+01    0.19404E+02    0.15113E+01
   0.35666E+02    0.67886E+01    0.19551E+02    0.14699E+01
   0.35666E+02    0.67886E+01    0.19551E+02    0.14699E+01
   0.35673E+02    0.67492E+01    0.19514E+02    0.15413E+01
   0.35673E+02    0.67492E+01    0.19514E+02    0.15413E+01
   0.35467E+02    0.66949E+01    0.19496E+02    0.15168E+01
   0.35467E+02    0.66949E+01    0.19496E+02    0.15168E+01
   0.35532E+02    0.67913E+01    0.19337E+02    0.15578E+01
   0.35532E+02    0.67913E+01    0.19337E+02    0.15578E+01
   0.35597E+02    0.69008E+01    0.19847E+02    0.15444E+01
   0.35597E+02    0.69008E+01    0.19847E+02    0.15444E+01
   0.35673E+02    0.69237E+01    0.19567E+02    0.15563E+01
   0.35673E+02    0.69237E+01    0.19567E+02    0.15563E+01
   0.35484E+02    0.66370E+01    0.19523E+02    0.15267E+01
   0.35484E+02    0.66370E+01    0.19523E+02    0.15267E+01
   0.35126E+02    0.68818E+01    0.18935E+02    0.15044E+01
   0.35126E+02    0.68818E+01    0.18935E+02    0.15044E+01
   0.35459E+02    0.68947E+01    0.19367E+02    0.15029E+01
   0.35459E+02    0.68947E+01    0.19367E+02    0.15029E+01
   0.35495E+02    0.69500E+01    0.19163E+02    0.15115E+01
   0.35495E+02    0.69500E+01    0.19163E+02    0.15115E+01
   0.35351E+02    0.69316E+01    0.19717E+02    0.15396E+01
   0.35351E+02    0.69316E+01    0.19717E+02    0.15396E+01
   0.35277E+02    0.68938E+01    0.19424E+02    0.14729E+01
   0.35277E+02    0.68938E+01    0.19424E+02    0.14729E+01
   0.35618E+02    0.69713E+01    0.19596E+02    0.14730E+01
   0.35618E+02    0.69713E+01    0.19596E+02    0.14730E+01
   0.35756E+02    0.68398E+01    0.19676E+02    0.14856E+01
   0.35756E+02    0.68398E+01    0.19676E+02    0.14856E+01
   0.35427E+02    0.68731E+01    0.19453E+02    0.15399E+01
   0.35427E+02    0.68731E+01    0.19453E+02    0.15399E+01
   0.35407E+02    0.69301E+01    0.19232E+02    0.15206E+01
   0.35407E+02    0.69301E+01    0.19232E+02    0.15206E+01
   0.35417E+02    0.67755E+01    0.19995E+02    0.14931E+01
   0.35417E+02    0.67755E+01    0.19995E+02    0.14931E+01
   0.35336E+02    0.70235E+01    0.19404E+02    0.15314E+01
   0.35336E+02    0.70235E+01    0.19404E+02    0.15314E+01
   0.35592E+02    0.68782E+01    0.19800E+02    0.15032E+01
   0.35592E+02    0.68782E+01    0.19800E+02    0.15032E+01
   0.35497E+02    0.68028E+01    0.19654E+02    0.15462E+01
   0.35497E+02    0.68028E+01    0.19654E+02    0.15462E+01
   0.35801E+02    0.68496E+01    0.19323E+02    0.14626E+01
   0.35801E+02    0.68496E+01    0.19323E+02    0.14626E+01
   0.35484E+02    0.67604E+01    0.19723E+02    0.15265E+01
   0.35484E+02    0.67604E+01    0.19723E+02    0.15265E+01
   0.35379E+02    0.69370E+01    0.20041E+02    0.14764E+01
   0.35379E+02    0.69370E+01    0.20041E+02    0.14764E+01
   0.35447E+02    0.68856E+01    0.19812E+02    0.15293E+01
   0.35447E+02    0.68856E+01    0.19812E+02    0.15293E+01
   0.35584E+02    0.68580E+01    0.19688E+02    0.15193E+01
   0.35584E+02    0.68580E+01    0.19688E+02    0.15193E+01
   0.35790E+02    0.68448E+01    0.19349E+02    0.14887E+01
   0.35790E+02    0.68448E+01    0.19349E+02    0.14887E+01
   0.35438E+02    0.68714E+01    0.19501E+02    0.15189E+01
   0.35438E+02    0.68714E+01    0.19501E+02    0.15189E+01
   0.35472E+02    0.68331E+01    0.19539E+02    0.15193E+01
   0.35472E+02    0.68331E+01    0.19539E+02    0.15193E+01
   0.35479E+02    0.67422E+01    0.19855E+02    0.14701E+01
   0.35479E+02    0.67422E+01    0.19855E+02    0.14701E+01
   0.35774E+02    0.67670E+01    0.20225E+02    0.15167E+01
   0.35774E+02    0.67670E+01    0.20225E+02    0.15167E+01
   0.35466E+02    0.69216E+01    0.19566E+02    0.15242E+01
   0.35466E+02    0.69216E+01    0.19566E+02    0.15242E+01
   0.35482E+02    0.68541E+01    0.19550E+02    0.14964E+01
   0.35482E+02    0.68541E+01    0.19550E+02    0.14964E+01
   0.35322E+02    0.69191E+01    0.19361E+02    0.14927E+01
   0.35322E+02    0.69191E+01    0.19361E+02    0.14927E+01
   0.35161E+02    0.68236E+01    0.19611E+02    0.14936E+01
   0.35161E+02    0.68236E+01    0.19611E+02    0.14936E+01
   0.35063E+02    0.69084E+01    0.20095E+02    0.15078E+01
   0.35063E+02    0.69084E+01    0.20095E+02    0.15078E+01
   0.35427E+02    0.69057E+01    0.19418E+02    0.14852E+01
   0.35427E+02    0.69057E+01    0.19418E+02    0.14852E+01
   0.35294E+02    0.68592E+01    0.19384E+02    0.15448E+01
   0.35294E+02    0.68592E+01    0.19384E+02    0.15448E+01
   0.35732E+02    0.67503E+01    0.19925E+02    0.15100E+01
   0.35732E+02    0.67503E+01    0.19925E+02    0.15100E+01
   0.36009E+02    0.67435E+01    0.19412E+02    0.15807E+01
   0.36009E+02    0.67435E+01    0.19412E+02    0.15807E+01
   0.36125E+02    0.68359E+01    0.19128E+02    0.14882E+01
   0.36125E+02    0.68359E+01    0.19128E+02    0.14882E+01
   0.35741E+02    0.66058E+01    0.20006E+02    0.14736E+01
   0.35741E+02    0.66058E+01    0.20006E+02    0.14736E+01
   0.36006E+02    0.67467E+01    0.19228E+02    0.15344E+01
   0.36006E+02    0.67467E+01    0.19228E+02    0.15344E+01
   0.35661E+02    0.70149E+01    0.19427E+02    0.14895E+01
   0.35661E+02    0.70149E+01    0.19427E+02    0.14895E+01
   0.36263E+02    0.69253E+01    0.19056E+02    0.15091E+01
   0.36263E+02    0.69253E+01    0.19056E+02    0.15091E+01
   0.35759E+02    0.69014E+01    0.19791E+02    0.14753E+01
   0.35759E+02    0.69014E+01    0.19791E+02    0.14753E+01
   0.35046E+02    0.69034E+01    0.19360E+02    0.15175E+01
   0.35046E+02    0.69034E+01    0.19360E+02    0.15175E+01
   0.35802E+02    0.68348E+01    0.19963E+02    0.15013E+01
   0.35802E+02    0.68348E+01    0.19963E+02    0.15013E+01
   0.35781E+02    0.68749E+01    0.19542E+02    0.15057E+01
   0.35781E+02    0.68749E+01    0.19542E+02    0.15057E+01
   0.35875E+02    0.68045E+01    0.19712E+02    0.15052E+01
   0.35875E+02    0.68045E+01    0.19712E+02    0.15052E+01
   0.35510E+02    0.67772E+01    0.19661E+02    0.15177E+01
   0.35510E+02    0.67772E+01    0.19661E+02    0.15177E+01
   0.35484E+02    0.68167E+01    0.19982E+02    0.15265E+01
   0.35484E+02    0.68167E+01    0.19982E+02    0.15265E+01
   0.35402E+02    0.67621E+01    0.19480E+02    0.14823E+01
   0.35402E+02    0.67621E+01    0.19480E+02    0.14823E+01
   0.35426E+02    0.67311E+01    0.19381E+02    0.14966E+01
   0.35426E+02    0.67311E+01    0.19381E+02    0.14966E+01
   0.35481E+02    0.67362E+01    0.19186E+02    0.15131E+01
   0.35481E+02    0.67362E+01    0.19186E+02    0.15131E+01
   0.36039E+02    0.66644E+01    0.19665E+02    0.14863E+01
   0.36039E+02    0.66644E+01    0.19665E+02    0.14863E+01
   0.35679E+02    0.70078E+01    0.19590E+02    0.14992E+01
   0.35679E+02    0.70078E+01    0.19590E+02    0.14992E+01
   0.35418E+02    0.68523E+01    0.19245E+02    0.15027E+01
   0.35418E+02    0.68523E+01    0.19245E+02    0.15027E+01
   0.35056E+02    0.69085E+01    0.19900E+02    0.15275E+01
   0.35056E+02    0.69085E+01    0.19900E+02    0.15275E+01
   0.35929E+02    0.68132E+01    0.20095E+02    0.14644E+01
   0.35929E+02    0.68132E+01    0.20095E+02    0.14644E+01
   0.35414E+02    0.68098E+01    0.19841E+02    0.15449E+01
   0.35414E+02    0.68098E+01    0.19841E+02    0.15449E+01
   0.34925E+02    0.68999E+01    0.19687E+02    0.15315E+01
   0.34925E+02    0.68999E+01    0.19687E+02    0.15315E+01
   0.35614E+02    0.69355E+01    0.19696E+02    0.14856E+01
   0.35614E+02    0.69355E+01    0.19696E+02    0.14856E+01
   0.35448E+02    0.68421E+01    0.19613E+02    0.15115E+01
   0.35448E+02    0.68421E+01    0.19613E+02    0.15115E+01
   0.35982E+02    0.68229E+01    0.19840E+02    0.15123E+01
   0.35982E+02    0.68229E+01    0.19840E+02    0.15123E+01
   0.35647E+02    0.67715E+01    0.19543E+02    0.15368E+01
   0.35647E+02    0.67715E+01    0.19543E+02    0.15368E+01
   0.35011E+02    0.68357E+01    0.20117E+02    0.14939E+01
   0.35011E+02    0.68357E+01    0.20117E+02    0.14939E+01
   0.35735E+02    0.67848E+01    0.19765E+02    0.15404E+01
   0.35735E+02    0.67848E+01    0.19765E+02    0.15404E+01
   0.35704E+02    0.67949E+01    0.19839E+02    0.14978E+01
   0.35704E+02    0.67949E+01    0.19839E+02    0.14978E+01
   0.35423E+02    0.69454E+01    0.19783E+02    0.14880E+01
   0.35423E+02    0.69454E+01    0.19783E+02    0.14880E+01
   0.35510E+02    0.69429E+01    0.19562E+02    0.15566E+01
   0.35510E+02    0.69429E+01    0.19562E+02    0.15566E+01
   0.35686E+02    0.68082E+01    0.19471E+02    0.14944E+01
   0.35686E+02    0.68082E+01    0.19471E+02    0.14944E+01
   0.35432E+02    0.69064E+01    0.19181E+02    0.15043E+01
   0.35432E+02    0.69064E+01    0.19181E+02    0.15043E+01
   0.35805E+02    0.68709E+01    0.19388E+02    0.15199E+01
   0.35805E+02    0.68709E+01    0.19388E+02    0.15199E+01
   0.35561E+02    0.68998E+01    0.19873E+02    0.14793E+01
   0.35561E+02    0.68998E+01    0.19873E+02    0.14793E+01
   0.35719E+02    0.69002E+01    0.18954E+02    0.14789E+01
   0.35719E+02    0.69002E+01    0.18954E+02    0.14789E+01
   0.35553E+02    0.68330E+01    0.19437E+02    0.15172E+01
   0.35553E+02    0.68330E+01    0.19437E+02    0.15172E+01
   0.35707E+02    0.69649E+01    0.19633E+02    0.14858E+01
   0.35707E+02    0.69649E+01    0.19633E+02    0.14858E+01
   0.35680E+02    0.67448E+01    0.19200E+02    0.14901E+01
   0.35680E+02    0.67448E+01    0.19200E+02    0.14901E+01
   0.35698E+02    0.69836E+01    0.19065E+02    0.14965E+01
   0.35698E+02    0.69836E+01    0.19065E+02    0.14965E+01
   0.35323E+02    0.66574E+01    0.19328E+02    0.15206E+01
   0.35323E+02    0.66574E+01    0.19328E+02    0.15206E+01
   0.36027E+02    0.70703E+01    0.19754E+02    0.14841E+01
   0.36027E+02    0.70703E+01    0.19754E+02    0.14841E+01
   0.35829E+02    0.68860E+01    0.19515E+02    0.15149E+01
   0.35829E+02    0.68860E+01    0.19515E+02    0.15149E+01
   0.35724E+02    0.67838E+01    0.19845E+02    0.15034E+01
   0.35724E+02    0.67838E+01    0.19845E+02    0.15034E+01
   0.34923E+02    0.67807E+01    0.19695E+02    0.14788E+01
   0.34923E+02    0.67807E+01    0.19695E+02    0.14788E+01
   0.35133E+02    0.67874E+01    0.19437E+02    0.15338E+01
   0.35133E+02    0.67874E+01    0.19437E+02    0.15338E+01
   0.35819E+02    0.66809E+01    0.19897E+02    0.15090E+01
   0.35819E+02    0.66809E+01    0.19897E+02    0.15090E+01
   0.35175E+02    0.67885E+01    0.19548E+02    0.15024E+01
   0.35175E+02    0.67885E+01    0.19548E+02    0.15024E+01
   0.35702E+02    0.68301E+01    0.19541E+02    0.15159E+01
   0.35702E+02    0.68301E+01    0.19541E+02    0.15159E+01
   0.35665E+02    0.70066E+01    0.19828E+02    0.15374E+01
   0.35665E+02    0.70066E+01    0.19828E+02    0.15374E+01
   0.35642E+02    0.68674E+01    0.19333E+02    0.15113E+01
   0.35642E+02    0.68674E+01    0.19333E+02    0.15113E+01
   0.35411E+02    0.65947E+01    0.19797E+02    0.15020E+01
   0.35411E+02    0.65947E+01    0.19797E+02    0.15020E+01
   0.34969E+02    0.67718E+01    0.19392E+02    0.14716E+01
   0.34969E+02    0.67718E+01    0.19392E+02    0.14716E+01
   0.35393E+02    0.69379E+01    0.19600E+02    0.15491E+01
   0.35393E+02    0.69379E+01    0.19600E+02    0.15491E+01
   0.35070E+02    0.69287E+01    0.19544E+02    0.15142E+01
   0.35070E+02    0.69287E+01    0.19544E+02    0.15142E+01
   0.35518E+02    0.69522E+01    0.19549E+02    0.15132E+01
   0.35518E+02    0.69522E+01    0.19549E+02    0.15132E+01
   0.35685E+02    0.70317E+01    0.19609E+02    0.15183E+01
   0.35685E+02    0.70317E+01    0.19609E+02    0.15183E+01
   0.35594E+02    0.68836E+01    0.19655E+02    0.14871E+01
   0.35594E+02    0.68836E+01    0.19655E+02    0.14871E+01
   0.35194E+02    0.69834E+01    0.19929E+02    0.14909E+01
   0.35194E+02    0.69834E+01    0.19929E+02    0.14909E+01
   0.35262E+02    0.68091E+01    0.19845E+02    0.15126E+01
   0.35262E+02    0.68091E+01    0.19845E+02    0.15126E+01
   0.35835E+02    0.67557E+01    0.19087E+02    0.15239E+01
   0.35835E+02    0.67557E+01    0.19087E+02    0.15239E+01
   0.35629E+02    0.67545E+01    0.19377E+02    0.15266E+01
   0.35629E+02    0.67545E+01    0.19377E+02    0.15266E+01
   0.35664E+02    0.67039E+01    0.19626E+02    0.14914E+01
   0.35664E+02    0.67039E+01    0.19626E+02    0.14914E+01
   0.35664E+02    0.69145E+01    0.19026E+02    0.14989E+01
   0.35664E+02    0.69145E+01    0.19026E+02    0.14989E+01
   0.35179E+02    0.67967E+01    0.19483E+02    0.15132E+01
   0.35179E+02    0.67967E+01    0.19483E+02    0.15132E+01
   0.35543E+02    0.68294E+01    0.19318E+02    0.15037E+01
   0.35543E+02    0.68294E+01    0.19318E+02    0.15037E+01
   0.35559E+02    0.69437E+01    0.19766E+02    0.14993E+01
   0.35559E+02    0.69437E+01    0.19766E+02    0.14993E+01
   0.35371E+02    0.67694E+01    0.19235E+02    0.15094E+01
   0.35371E+02    0.67694E+01    0.19235E+02    0.15094E+01
   0.35324E+02    0.68212E+01    0.19609E+02    0.15259E+01
   0.35324E+02    0.68212E+01    0.19609E+02    0.15259E+01
   0.35908E+02    0.68244E+01    0.19743E+02    0.14936E+01
   0.35908E+02    0.68244E+01    0.19743E+02    0.14936E+01
   0.35185E+02    0.68251E+01    0.19574E+02    0.15126E+01
   0.35185E+02    0.68251E+01    0.19574E+02    0.15126E+01
   0.35291E+02    0.69357E+01    0.19095E+02    0.14906E+01
   0.35291E+02    0.69357E+01    0.19095E+02    0.14906E+01
   0.35614E+02    0.68089E+01    0.19564E+02    0.15363E+01
   0.35614E+02    0.68089E+01    0.19564E+02    0.15363E+01
   0.35535E+02    0.68219E+01    0.19527E+02    0.15073E+01
   0.35535E+02    0.68219E+01    0.19527E+02    0.15073E+01
   0.35850E+02    0.70079E+01    0.19473E+02    0.15052E+01
   0.35850E+02    0.70079E+01    0.19473E+02    0.15052E+01
   0.35773E+02    0.67950E+01    0.19475E+02    0.14653E+01
   0.35773E+02    0.67950E+01    0.19475E+02    0.14653E+01
   0.35064E+02    0.66425E+01    0.19614E+02    0.15169E+01
   0.35064E+02    0.66425E+01    0.19614E+02    0.15169E+01
   0.35365E+02    0.67631E+01    0.19711E+02    0.15040E+01
   0.35365E+02    0.67631E+01    0.19711E+02    0.15040E+01
   0.36023E+02    0.68533E+01    0.19243E+02    0.14737E+01
   0.36023E+02    0.68533E+01    0.19243E+02    0.14737E+01
   0.35788E+02    0.67290E+01    0.19049E+02    0.15188E+01
   0.35788E+02    0.67290E+01    0.19049E+02    0.15188E+01
   0.35725E+02    0.68016E+01    0.19097E+02    0.14905E+01
   0.35725E+02    0.68016E+01    0.19097E+02    0.14905E+01
   0.35573E+02    0.68129E+01    0.19200E+02    0.14780E+01
   0.35573E+02    0.68129E+01    0.19200E+02    0.14780E+01
   0.35770E+02    0.67276E+01    0.19304E+02    0.14847E+01
   0.35770E+02    0.67276E+01    0.19304E+02    0.14847E+01
   0.35602E+02    0.68794E+01    0.19578E+02    0.14701E+01
   0.35602E+02    0.68794E+01    0.19578E+02    0.14701E+01
   0.35359E+02    0.67244E+01    0.19308E+02    0.15058E+01
   0.35359E+02    0.67244E+01    0.19308E+02    0.15058E+01
   0.35493E+02    0.68709E+01    0.19635E+02    0.14938E+01
   0.35493E+02    0.68709E+01    0.19635E+02    0.14938E+01
   0.35572E+02    0.67661E+01    0.18889E+02    0.14931E+01
   0.35572E+02    0.67661E+01    0.18889E+02    0.14931E+01
   0.35292E+02    0.68602E+01    0.19838E+02    0.15315E+01
   0.35292E+02    0.68602E+01    0.19838E+02    0.15315E+01
   0.35451E+02    0.69191E+01    0.19500E+02    0.15450E+01
   0.35451E+02    0.69191E+01    0.19500E+02    0.15450E+01
   0.35835E+02    0.67445E+01    0.19525E+02    0.14847E+01
   0.35835E+02    0.67445E+01    0.19525E+02    0.14847E+01
   0.35688E+02    0.69263E+01    0.19499E+02    0.15124E+01
   0.35688E+02    0.69263E+01    0.19499E+02    0.15124E+01
   0.35330E+02    0.69226E+01    0.19921E+02    0.15312E+01
   0.35330E+02    0.69226E+01    0.19921E+02    0.15312E+01
   0.35749E+02    0.68062E+01    0.19522E+02    0.15193E+01
   0.35749E+02    0.68062E+01    0.19522E+02    0.15193E+01
   0.35655E+02    0.68500E+01    0.19772E+02    0.14975E+01
   0.35655E+02    0.68500E+01    0.19772E+02    0.14975E+01
   0.35210E+02    0.69608E+01    0.19953E+02    0.15028E+01
   0.35210E+02    0.69608E+01    0.19953E+02    0.15028E+01
   0.36029E+02    0.66965E+01    0.19295E+02    0.15047E+01
   0.36029E+02    0.66965E+01    0.19295E+02    0.15047E+01
   0.35309E+02    0.70165E+01    0.19258E+02    0.15504E+01
   0.35309E+02    0.70165E+01    0.19258E+02    0.15504E+01
   0.34932E+02    0.66115E+01    0.19377E+02    0.14714E+01
   0.34932E+02    0.66115E+01    0.19377E+02    0.14714E+01
   0.35726E+02    0.69924E+01    0.19592E+02    0.14924E+01
   0.35726E+02    0.69924E+01    0.19592E+02    0.14924E+01
   0.35896E+02    0.69837E+01    0.19242E+02    0.15069E+01
   0.35896E+02    0.69837E+01    0.19242E+02    0.15069E+01
   0.35694E+02    0.66973E+01    0.19499E+02    0.14927E+01
   0.35694E+02    0.66973E+01    0.19499E+02    0.14927E+01
   0.35216E+02    0.70291E+01    0.19839E+02    0.15471E+01
   0.35216E+02    0.70291E+01    0.19839E+02    0.15471E+01
   0.35573E+02    0.69090E+01    0.19455E+02    0.14975E+01
   0.35573E+02    0.69090E+01    0.19455E+02    0.14975E+01
   0.35499E+02    0.68965E+01    0.19635E+02    0.15364E+01
   0.35499E+02    0.68965E+01    0.19635E+02    0.15364E+01
   0.35002E+02    0.68598E+01    0.19698E+02    0.15196E+01
   0.35002E+02    0.68598E+01    0.19698E+02    0.15196E+01
   0.35608E+02    0.68716E+01    0.19459E+02    0.15218E+01
