   0.43828E+02
   0.43828E+02
   0.43828E+02
   0.43828E+02
   0.43828E+02
   0.42874E+02
   0.42874E+02
   0.42874E+02
   0.42874E+02
   0.42874E+02
   0.44157E+02
   0.44157E+02
   0.44157E+02
   0.44157E+02
   0.44157E+02
   0.44120E+02
   0.44120E+02
   0.44120E+02
   0.44120E+02
   0.44120E+02
   0.43200E+02
   0.43200E+02
   0.43200E+02
   0.43200E+02
   0.43200E+02
   0.42574E+02
   0.42574E+02
   0.42574E+02
   0.42574E+02
   0.42574E+02
   0.42755E+02
   0.42755E+02
   0.42755E+02
   0.42755E+02
   0.42755E+02
   0.43755E+02
   0.43755E+02
   0.43755E+02
   0.43755E+02
   0.43755E+02
   0.44012E+02
   0.44012E+02
   0.44012E+02
   0.44012E+02
   0.44012E+02
   0.43194E+02
   0.43194E+02
   0.43194E+02
   0.43194E+02
   0.43194E+02
   0.42596E+02
   0.42596E+02
   0.42596E+02
   0.42596E+02
   0.42596E+02
   0.43743E+02
   0.43743E+02
   0.43743E+02
   0.43743E+02
   0.43743E+02
   0.43171E+02
   0.43171E+02
   0.43171E+02
   0.43171E+02
   0.43171E+02
   0.42163E+02
   0.42163E+02
   0.42163E+02
   0.42163E+02
   0.42163E+02
   0.43621E+02
   0.43621E+02
   0.43621E+02
   0.43621E+02
   0.43621E+02
   0.43610E+02
   0.43610E+02
   0.43610E+02
   0.43610E+02
   0.43610E+02
   0.42817E+02
   0.42817E+02
   0.42817E+02
   0.42817E+02
   0.42817E+02
   0.43324E+02
   0.43324E+02
   0.43324E+02
   0.43324E+02
   0.43324E+02
   0.43580E+02
   0.43580E+02
   0.43580E+02
   0.43580E+02
   0.43580E+02
   0.42505E+02
   0.42505E+02
   0.42505E+02
   0.42505E+02
   0.42505E+02
   0.42802E+02
   0.42802E+02
   0.42802E+02
   0.42802E+02
   0.42802E+02
   0.43631E+02
   0.43631E+02
   0.43631E+02
   0.43631E+02
   0.43631E+02
   0.43306E+02
   0.43306E+02
   0.43306E+02
   0.43306E+02
   0.43306E+02
   0.42337E+02
   0.42337E+02
   0.42337E+02
   0.42337E+02
   0.42337E+02
   0.42895E+02
   0.42895E+02
   0.42895E+02
   0.42895E+02
   0.42895E+02
   0.41951E+02
   0.41951E+02
   0.41951E+02
   0.41951E+02
   0.41951E+02
   0.41420E+02
   0.41420E+02
   0.41420E+02
   0.41420E+02
   0.41420E+02
   0.41336E+02
   0.41336E+02
   0.41336E+02
   0.41336E+02
   0.41336E+02
   0.42119E+02
   0.42119E+02
   0.42119E+02
   0.42119E+02
   0.42119E+02
   0.42149E+02
   0.42149E+02
   0.42149E+02
   0.42149E+02
   0.42149E+02
   0.42326E+02
   0.42326E+02
   0.42326E+02
   0.42326E+02
   0.42326E+02
   0.41703E+02
   0.41703E+02
   0.41703E+02
   0.41703E+02
   0.41703E+02
   0.42458E+02
   0.42458E+02
   0.42458E+02
   0.42458E+02
   0.42458E+02
   0.41864E+02
   0.41864E+02
   0.41864E+02
   0.41864E+02
   0.41864E+02
   0.42162E+02
   0.42162E+02
   0.42162E+02
   0.42162E+02
   0.42162E+02
   0.42763E+02
   0.42763E+02
   0.42763E+02
   0.42763E+02
   0.42763E+02
   0.42689E+02
   0.42689E+02
   0.42689E+02
   0.42689E+02
   0.42689E+02
   0.42646E+02
   0.42646E+02
   0.42646E+02
   0.42646E+02
   0.42646E+02
   0.42276E+02
   0.42276E+02
   0.42276E+02
   0.42276E+02
   0.42276E+02
   0.42506E+02
   0.42506E+02
   0.42506E+02
   0.42506E+02
   0.42506E+02
   0.42512E+02
   0.42512E+02
   0.42512E+02
   0.42512E+02
   0.42512E+02
   0.41958E+02
   0.41958E+02
   0.41958E+02
   0.41958E+02
   0.41958E+02
   0.42372E+02
   0.42372E+02
   0.42372E+02
   0.42372E+02
   0.42372E+02
   0.41553E+02
   0.41553E+02
   0.41553E+02
   0.41553E+02
   0.41553E+02
   0.41321E+02
   0.41321E+02
   0.41321E+02
   0.41321E+02
   0.41321E+02
   0.42352E+02
   0.42352E+02
   0.42352E+02
   0.42352E+02
   0.42352E+02
   0.42045E+02
   0.42045E+02
   0.42045E+02
   0.42045E+02
   0.42045E+02
   0.41282E+02
   0.41282E+02
   0.41282E+02
   0.41282E+02
   0.41282E+02
   0.42789E+02
   0.42789E+02
   0.42789E+02
   0.42789E+02
   0.42789E+02
   0.42571E+02
   0.42571E+02
   0.42571E+02
   0.42571E+02
   0.42571E+02
   0.42511E+02
   0.42511E+02
   0.42511E+02
   0.42511E+02
   0.42511E+02
   0.43002E+02
   0.43002E+02
   0.43002E+02
   0.43002E+02
   0.43002E+02
   0.42692E+02
   0.42692E+02
   0.42692E+02
   0.42692E+02
   0.42692E+02
   0.42418E+02
   0.42418E+02
   0.42418E+02
   0.42418E+02
   0.42418E+02
   0.42464E+02
   0.42464E+02
   0.42464E+02
   0.42464E+02
   0.42464E+02
   0.41766E+02
   0.41766E+02
   0.41766E+02
   0.41766E+02
   0.41766E+02
   0.42220E+02
   0.42220E+02
   0.42220E+02
   0.42220E+02
   0.42220E+02
   0.41863E+02
   0.41863E+02
   0.41863E+02
   0.41863E+02
   0.41863E+02
   0.41744E+02
   0.41744E+02
   0.41744E+02
   0.41744E+02
   0.41744E+02
   0.42243E+02
   0.42243E+02
   0.42243E+02
   0.42243E+02
   0.42243E+02
   0.41765E+02
   0.41765E+02
   0.41765E+02
   0.41765E+02
   0.41765E+02
   0.42251E+02
   0.42251E+02
   0.42251E+02
   0.42251E+02
   0.42251E+02
   0.42584E+02
   0.42584E+02
   0.42584E+02
   0.42584E+02
   0.42584E+02
   0.41233E+02
   0.41233E+02
   0.41233E+02
   0.41233E+02
   0.41233E+02
   0.41672E+02
   0.41672E+02
   0.41672E+02
   0.41672E+02
   0.41672E+02
   0.42243E+02
   0.42243E+02
   0.42243E+02
   0.42243E+02
   0.42243E+02
   0.42354E+02
   0.42354E+02
   0.42354E+02
   0.42354E+02
   0.42354E+02
   0.42599E+02
   0.42599E+02
   0.42599E+02
   0.42599E+02
   0.42599E+02
   0.42826E+02
   0.42826E+02
   0.42826E+02
   0.42826E+02
   0.42826E+02
   0.41975E+02
   0.41975E+02
   0.41975E+02
   0.41975E+02
   0.41975E+02
   0.42886E+02
   0.42886E+02
   0.42886E+02
   0.42886E+02
   0.42886E+02
   0.42174E+02
   0.42174E+02
   0.42174E+02
   0.42174E+02
   0.42174E+02
   0.42116E+02
   0.42116E+02
   0.42116E+02
   0.42116E+02
   0.42116E+02
   0.42112E+02
   0.42112E+02
   0.42112E+02
   0.42112E+02
   0.42112E+02
   0.42672E+02
   0.42672E+02
   0.42672E+02
   0.42672E+02
   0.42672E+02
   0.43149E+02
   0.43149E+02
   0.43149E+02
   0.43149E+02
   0.43149E+02
   0.42921E+02
   0.42921E+02
   0.42921E+02
   0.42921E+02
   0.42921E+02
   0.43655E+02
   0.43655E+02
   0.43655E+02
   0.43655E+02
   0.43655E+02
   0.42296E+02
   0.42296E+02
   0.42296E+02
   0.42296E+02
   0.42296E+02
   0.42046E+02
   0.42046E+02
   0.42046E+02
   0.42046E+02
   0.42046E+02
   0.42117E+02
   0.42117E+02
   0.42117E+02
   0.42117E+02
   0.42117E+02
   0.42692E+02
   0.42692E+02
   0.42692E+02
   0.42692E+02
   0.42692E+02
   0.42072E+02
   0.42072E+02
   0.42072E+02
   0.42072E+02
   0.42072E+02
   0.42528E+02
   0.42528E+02
   0.42528E+02
   0.42528E+02
   0.42528E+02
   0.42479E+02
   0.42479E+02
   0.42479E+02
   0.42479E+02
   0.42479E+02
   0.42107E+02
   0.42107E+02
   0.42107E+02
   0.42107E+02
   0.42107E+02
   0.42741E+02
   0.42741E+02
   0.42741E+02
   0.42741E+02
   0.42741E+02
   0.42273E+02
   0.42273E+02
   0.42273E+02
   0.42273E+02
   0.42273E+02
   0.42263E+02
   0.42263E+02
   0.42263E+02
   0.42263E+02
   0.42263E+02
   0.42264E+02
   0.42264E+02
   0.42264E+02
   0.42264E+02
   0.42264E+02
   0.41320E+02
   0.41320E+02
   0.41320E+02
   0.41320E+02
   0.41320E+02
   0.41778E+02
   0.41778E+02
   0.41778E+02
   0.41778E+02
   0.41778E+02
   0.41916E+02
   0.41916E+02
   0.41916E+02
   0.41916E+02
   0.41916E+02
   0.41997E+02
   0.41997E+02
   0.41997E+02
   0.41997E+02
   0.41997E+02
   0.41682E+02
   0.41682E+02
   0.41682E+02
   0.41682E+02
   0.41682E+02
   0.42096E+02
   0.42096E+02
   0.42096E+02
   0.42096E+02
   0.42096E+02
   0.41870E+02
   0.41870E+02
   0.41870E+02
   0.41870E+02
   0.41870E+02
   0.42061E+02
   0.42061E+02
   0.42061E+02
   0.42061E+02
   0.42061E+02
   0.41420E+02
   0.41420E+02
   0.41420E+02
   0.41420E+02
   0.41420E+02
   0.42013E+02
   0.42013E+02
   0.42013E+02
   0.42013E+02
   0.42013E+02
   0.41393E+02
   0.41393E+02
   0.41393E+02
   0.41393E+02
   0.41393E+02
   0.41790E+02
   0.41790E+02
   0.41790E+02
   0.41790E+02
   0.41790E+02
   0.41892E+02
   0.41892E+02
   0.41892E+02
   0.41892E+02
   0.41892E+02
   0.42050E+02
   0.42050E+02
   0.42050E+02
   0.42050E+02
   0.42050E+02
   0.42524E+02
   0.42524E+02
   0.42524E+02
   0.42524E+02
   0.42524E+02
   0.42411E+02
   0.42411E+02
   0.42411E+02
   0.42411E+02
   0.42411E+02
   0.42458E+02
   0.42458E+02
   0.42458E+02
   0.42458E+02
   0.42458E+02
   0.42578E+02
   0.42578E+02
   0.42578E+02
   0.42578E+02
   0.42578E+02
   0.42581E+02
   0.42581E+02
   0.42581E+02
   0.42581E+02
   0.42581E+02
   0.41894E+02
   0.41894E+02
   0.41894E+02
   0.41894E+02
   0.41894E+02
   0.41908E+02
   0.41908E+02
   0.41908E+02
   0.41908E+02
   0.41908E+02
