   0.22152E+02    0.40458E+02    0.39034E+02    0.43373E+02
   0.21773E+02    0.40363E+02    0.31770E+02    0.46084E+02
   0.22134E+02    0.40287E+02    0.35188E+02    0.50511E+02
   0.22656E+02    0.39979E+02    0.37343E+02    0.47548E+02
   0.22340E+02    0.40944E+02    0.39885E+02    0.45403E+02
   0.22464E+02    0.40982E+02    0.40963E+02    0.45286E+02
   0.22215E+02    0.38893E+02    0.39030E+02    0.48431E+02
   0.21712E+02    0.39081E+02    0.36096E+02    0.46795E+02
   0.21684E+02    0.41743E+02    0.39116E+02    0.45296E+02
   0.21072E+02    0.41899E+02    0.35572E+02    0.43228E+02
   0.20999E+02    0.37033E+02    0.39651E+02    0.49835E+02
   0.21198E+02    0.36869E+02    0.37689E+02    0.44998E+02
   0.20917E+02    0.39097E+02    0.32669E+02    0.43701E+02
   0.20361E+02    0.39546E+02    0.38720E+02    0.47254E+02
   0.20135E+02    0.40723E+02    0.34347E+02    0.46548E+02
   0.20270E+02    0.40834E+02    0.35717E+02    0.45555E+02
   0.19502E+02    0.40796E+02    0.35117E+02    0.47463E+02
   0.19963E+02    0.40832E+02    0.39830E+02    0.43473E+02
   0.19856E+02    0.38423E+02    0.37172E+02    0.48264E+02
   0.19800E+02    0.38839E+02    0.36397E+02    0.42050E+02
   0.19349E+02    0.40414E+02    0.39550E+02    0.46702E+02
   0.19646E+02    0.40206E+02    0.33948E+02    0.50565E+02
   0.19390E+02    0.38372E+02    0.42085E+02    0.48370E+02
   0.19069E+02    0.39369E+02    0.41328E+02    0.43529E+02
   0.19508E+02    0.40259E+02    0.37442E+02    0.45810E+02
   0.19220E+02    0.40113E+02    0.42787E+02    0.44957E+02
   0.19082E+02    0.38733E+02    0.38892E+02    0.48740E+02
   0.19126E+02    0.39003E+02    0.38972E+02    0.47564E+02
   0.18873E+02    0.40199E+02    0.35907E+02    0.45965E+02
   0.18636E+02    0.40504E+02    0.35422E+02    0.49498E+02
   0.18954E+02    0.40788E+02    0.39044E+02    0.42973E+02
   0.19202E+02    0.40897E+02    0.43421E+02    0.52061E+02
   0.19608E+02    0.39179E+02    0.43792E+02    0.46465E+02
   0.19620E+02    0.39587E+02    0.31491E+02    0.43292E+02
   0.19759E+02    0.39541E+02    0.39522E+02    0.50113E+02
   0.19597E+02    0.39108E+02    0.41182E+02    0.49114E+02
   0.19585E+02    0.38788E+02    0.37404E+02    0.45571E+02
   0.19532E+02    0.39307E+02    0.39371E+02    0.47720E+02
   0.19515E+02    0.36671E+02    0.37744E+02    0.43646E+02
   0.19466E+02    0.36699E+02    0.38693E+02    0.47164E+02
   0.19458E+02    0.34216E+02    0.40032E+02    0.50352E+02
   0.19920E+02    0.34539E+02    0.34408E+02    0.48572E+02
   0.19663E+02    0.37169E+02    0.35593E+02    0.46461E+02
   0.20143E+02    0.37205E+02    0.33354E+02    0.51423E+02
   0.20579E+02    0.35223E+02    0.40001E+02    0.46631E+02
   0.20578E+02    0.35173E+02    0.35181E+02    0.47741E+02
   0.20468E+02    0.31443E+02    0.34606E+02    0.43082E+02
   0.20489E+02    0.31396E+02    0.42254E+02    0.43025E+02
   0.20574E+02    0.34068E+02    0.37358E+02    0.48033E+02
   0.20501E+02    0.34758E+02    0.38345E+02    0.47666E+02
   0.20632E+02    0.33240E+02    0.39038E+02    0.44815E+02
   0.20667E+02    0.33122E+02    0.38424E+02    0.45192E+02
   0.20459E+02    0.34317E+02    0.35003E+02    0.45042E+02
   0.20632E+02    0.34367E+02    0.39059E+02    0.47445E+02
   0.20483E+02    0.33564E+02    0.39949E+02    0.45360E+02
   0.20612E+02    0.33320E+02    0.34375E+02    0.44584E+02
   0.20704E+02    0.34678E+02    0.41046E+02    0.46589E+02
   0.20441E+02    0.34907E+02    0.33753E+02    0.42633E+02
   0.20227E+02    0.30983E+02    0.41985E+02    0.47014E+02
   0.20227E+02    0.30697E+02    0.38858E+02    0.47153E+02
   0.20193E+02    0.31205E+02    0.32789E+02    0.47929E+02
   0.19978E+02    0.30786E+02    0.34862E+02    0.49372E+02
   0.19828E+02    0.31268E+02    0.33922E+02    0.40664E+02
   0.20029E+02    0.31167E+02    0.38386E+02    0.42023E+02
   0.20169E+02    0.31865E+02    0.32397E+02    0.48738E+02
   0.19811E+02    0.32128E+02    0.32842E+02    0.46055E+02
   0.19963E+02    0.31778E+02    0.39463E+02    0.44515E+02
   0.19558E+02    0.32172E+02    0.41969E+02    0.43251E+02
   0.19308E+02    0.32093E+02    0.38153E+02    0.45160E+02
   0.19040E+02    0.31944E+02    0.41318E+02    0.46767E+02
   0.18842E+02    0.32698E+02    0.35540E+02    0.47160E+02
   0.18654E+02    0.32623E+02    0.35498E+02    0.46159E+02
   0.18579E+02    0.33316E+02    0.37911E+02    0.47738E+02
   0.18829E+02    0.32827E+02    0.40228E+02    0.45892E+02
   0.18008E+02    0.30683E+02    0.40137E+02    0.43793E+02
   0.17589E+02    0.30586E+02    0.35952E+02    0.47519E+02
   0.17551E+02    0.30881E+02    0.36563E+02    0.50345E+02
   0.17174E+02    0.30751E+02    0.38512E+02    0.47099E+02
   0.16511E+02    0.29445E+02    0.36138E+02    0.46852E+02
   0.16500E+02    0.29229E+02    0.39114E+02    0.45941E+02
   0.16319E+02    0.29275E+02    0.38961E+02    0.49781E+02
   0.15889E+02    0.29554E+02    0.39402E+02    0.45007E+02
   0.15336E+02    0.31397E+02    0.37164E+02    0.46479E+02
   0.15317E+02    0.31855E+02    0.42533E+02    0.45669E+02
   0.14802E+02    0.30198E+02    0.36524E+02    0.47683E+02
   0.14596E+02    0.30739E+02    0.37263E+02    0.40951E+02
   0.14209E+02    0.29952E+02    0.37424E+02    0.46496E+02
   0.13895E+02    0.29795E+02    0.37271E+02    0.45078E+02
   0.13309E+02    0.31855E+02    0.39331E+02    0.46135E+02
   0.13108E+02    0.32184E+02    0.39885E+02    0.46240E+02
   0.12867E+02    0.31318E+02    0.37936E+02    0.46004E+02
   0.12339E+02    0.31565E+02    0.40878E+02    0.45425E+02
   0.11820E+02    0.33688E+02    0.39927E+02    0.50289E+02
   0.11362E+02    0.33406E+02    0.38511E+02    0.39117E+02
   0.11344E+02    0.33727E+02    0.36710E+02    0.43584E+02
   0.11222E+02    0.33683E+02    0.37619E+02    0.41005E+02
   0.10442E+02    0.32265E+02    0.37628E+02    0.42973E+02
   0.99442E+01    0.32258E+02    0.37586E+02    0.42429E+02
   0.90843E+01    0.33713E+02    0.39004E+02    0.43291E+02
   0.86030E+01    0.33393E+02    0.38938E+02    0.40548E+02
   0.76934E+01    0.29012E+02    0.42059E+02    0.44140E+02
   0.74887E+01    0.29419E+02    0.44728E+02    0.44386E+02
   0.10175E+02    0.33060E+02    0.41080E+02    0.40367E+02
   0.13698E+02    0.33168E+02    0.42467E+02    0.45738E+02
   0.14739E+02    0.30707E+02    0.41289E+02    0.46287E+02
   0.14555E+02    0.30540E+02    0.36927E+02    0.43688E+02
   0.14272E+02    0.34248E+02    0.39303E+02    0.46058E+02
   0.14249E+02    0.33810E+02    0.35232E+02    0.46802E+02
   0.14248E+02    0.30632E+02    0.31259E+02    0.48112E+02
   0.14932E+02    0.30689E+02    0.35815E+02    0.40939E+02
   0.14202E+02    0.29344E+02    0.39685E+02    0.43054E+02
   0.14769E+02    0.29664E+02    0.39526E+02    0.45186E+02
   0.14097E+02    0.30216E+02    0.38686E+02    0.43716E+02
   0.14082E+02    0.30404E+02    0.37969E+02    0.44116E+02
   0.14176E+02    0.30401E+02    0.40338E+02    0.47155E+02
   0.13632E+02    0.30317E+02    0.38692E+02    0.47271E+02
   0.14212E+02    0.30496E+02    0.37708E+02    0.44555E+02
   0.14497E+02    0.30389E+02    0.33835E+02    0.45048E+02
   0.14263E+02    0.31313E+02    0.40451E+02    0.46362E+02
   0.14747E+02    0.31164E+02    0.40834E+02    0.46968E+02
   0.14441E+02    0.29508E+02    0.33298E+02    0.41172E+02
   0.14292E+02    0.29039E+02    0.45872E+02    0.45510E+02
   0.14460E+02    0.29535E+02    0.40576E+02    0.48193E+02
   0.14411E+02    0.29603E+02    0.36544E+02    0.45643E+02
   0.14767E+02    0.29947E+02    0.38211E+02    0.43897E+02
   0.14522E+02    0.29793E+02    0.36801E+02    0.47240E+02
   0.14776E+02    0.30181E+02    0.34643E+02    0.47624E+02
   0.15381E+02    0.29615E+02    0.40414E+02    0.48065E+02
   0.14709E+02    0.30938E+02    0.42722E+02    0.46968E+02
   0.14827E+02    0.31458E+02    0.35943E+02    0.45300E+02
   0.15288E+02    0.29646E+02    0.38406E+02    0.44041E+02
   0.15580E+02    0.29600E+02    0.39577E+02    0.43593E+02
   0.14830E+02    0.27786E+02    0.39086E+02    0.45077E+02
   0.12544E+02    0.27786E+02    0.39086E+02    0.45077E+02
   0.10258E+02    0.24436E+02    0.39086E+02    0.45077E+02
   0.79723E+01    0.24436E+02    0.39086E+02    0.45077E+02
   0.56862E+01    0.25952E+02    0.39086E+02    0.45077E+02
   0.34002E+01    0.25952E+02    0.39086E+02    0.45077E+02
   0.11142E+01    0.24892E+02    0.39086E+02    0.45077E+02
  -0.38101E-01    0.24892E+02    0.39086E+02    0.45077E+02
  -0.38101E-01    0.18205E+02    0.39086E+02    0.45077E+02
  -0.38101E-01    0.18205E+02    0.39086E+02    0.45077E+02
  -0.38101E-01    0.22532E+02    0.39086E+02    0.45077E+02
  -0.38101E-01    0.22532E+02    0.39086E+02    0.45077E+02
  -0.38101E-01    0.20780E+02    0.39086E+02    0.45077E+02
  -0.38101E-01    0.20780E+02    0.39086E+02    0.45077E+02
  -0.38101E-01    0.19084E+02    0.39086E+02    0.45077E+02
  -0.38101E-01    0.19084E+02    0.39086E+02    0.45077E+02
  -0.38101E-01    0.24980E+02    0.39086E+02    0.45077E+02
  -0.38101E-01    0.24980E+02    0.39086E+02    0.45077E+02
  -0.38101E-01    0.20281E+02    0.39086E+02    0.45077E+02
  -0.38101E-01    0.20281E+02    0.39086E+02    0.45077E+02
  -0.38101E-01    0.23856E+02    0.39086E+02    0.45077E+02
  -0.38101E-01    0.23856E+02    0.39086E+02    0.45077E+02
  -0.38101E-01    0.19199E+02    0.39086E+02    0.45077E+02
  -0.38101E-01    0.19199E+02    0.39086E+02    0.45077E+02
  -0.38101E-01    0.22404E+02    0.39086E+02    0.45077E+02
  -0.38101E-01    0.22404E+02    0.39086E+02    0.45077E+02
  -0.38101E-01    0.17599E+02    0.39086E+02    0.45077E+02
  -0.38101E-01    0.17599E+02    0.39086E+02    0.45077E+02
  -0.38101E-01    0.20148E+02    0.39086E+02    0.45077E+02
  -0.38101E-01    0.20148E+02    0.39086E+02    0.45077E+02
  -0.38101E-01    0.13947E+02    0.39086E+02    0.45077E+02
  -0.38101E-01    0.13947E+02    0.39086E+02    0.45077E+02
  -0.38101E-01    0.17906E+02    0.39086E+02    0.45077E+02
  -0.38101E-01    0.17906E+02    0.39086E+02    0.45077E+02
  -0.38101E-01    0.20594E+02    0.39086E+02    0.45077E+02
  -0.38101E-01    0.20594E+02    0.39086E+02    0.45077E+02
  -0.38101E-01    0.21841E+02    0.39086E+02    0.45077E+02
  -0.38101E-01    0.21841E+02    0.39086E+02    0.45077E+02
  -0.38101E-01    0.12925E+02    0.39086E+02    0.45077E+02
  -0.38101E-01    0.12925E+02    0.39086E+02    0.45077E+02
  -0.38101E-01    0.16981E+02    0.39086E+02    0.45077E+02
  -0.38101E-01    0.16981E+02    0.39086E+02    0.45077E+02
  -0.38101E-01    0.16301E+02    0.39086E+02    0.45077E+02
  -0.38101E-01    0.16301E+02    0.39086E+02    0.45077E+02
  -0.38101E-01    0.20510E+02    0.39086E+02    0.45077E+02
  -0.38101E-01    0.20510E+02    0.39086E+02    0.45077E+02
  -0.38101E-01    0.14344E+02    0.39086E+02    0.45077E+02
  -0.38101E-01    0.14344E+02    0.39086E+02    0.45077E+02
  -0.38101E-01    0.18035E+02    0.39086E+02    0.45077E+02
  -0.38101E-01    0.18035E+02    0.39086E+02    0.45077E+02
  -0.38101E-01    0.13533E+02    0.39086E+02    0.45077E+02
  -0.38101E-01    0.13533E+02    0.39086E+02    0.45077E+02
  -0.38101E-01    0.17865E+02    0.39086E+02    0.45077E+02
  -0.38101E-01    0.17865E+02    0.39086E+02    0.45077E+02
  -0.38101E-01    0.15174E+02    0.39086E+02    0.45077E+02
  -0.38101E-01    0.15174E+02    0.39086E+02    0.45077E+02
  -0.38101E-01    0.75178E+01    0.39086E+02    0.45077E+02
  -0.38101E-01    0.75178E+01    0.39086E+02    0.45077E+02
  -0.38101E-01    0.12602E+02    0.39086E+02    0.45077E+02
  -0.38101E-01    0.12602E+02    0.39086E+02    0.45077E+02
  -0.38101E-01    0.12560E+02    0.39086E+02    0.45077E+02
  -0.38101E-01    0.12560E+02    0.39086E+02    0.45077E+02
  -0.38101E-01    0.10007E+02    0.39086E+02    0.45077E+02
  -0.38101E-01    0.10007E+02    0.39086E+02    0.45077E+02
  -0.38101E-01    0.15235E+02    0.39086E+02    0.45077E+02
  -0.38101E-01    0.15235E+02    0.39086E+02    0.45077E+02
  -0.38101E-01    0.12349E+02    0.39086E+02    0.45077E+02
  -0.38101E-01    0.12349E+02    0.39086E+02    0.45077E+02
  -0.38101E-01    0.11985E+02    0.39086E+02    0.45077E+02
  -0.38101E-01    0.11985E+02    0.39086E+02    0.45077E+02
  -0.38101E-01    0.61590E+01    0.39086E+02    0.45077E+02
  -0.38101E-01    0.61590E+01    0.39086E+02    0.45077E+02
  -0.38101E-01    0.11148E+02    0.39086E+02    0.45077E+02
  -0.38101E-01    0.11148E+02    0.39086E+02    0.45077E+02
  -0.38101E-01    0.66173E+01    0.39086E+02    0.45077E+02
  -0.38101E-01    0.66173E+01    0.39086E+02    0.45077E+02
  -0.38101E-01    0.10477E+02    0.39086E+02    0.45077E+02
  -0.38101E-01    0.10477E+02    0.39086E+02    0.45077E+02
  -0.38101E-01    0.89871E+01    0.39086E+02    0.45077E+02
  -0.38101E-01    0.89871E+01    0.39086E+02    0.45077E+02
  -0.38101E-01    0.89458E+01    0.39086E+02    0.45077E+02
  -0.38101E-01    0.89458E+01    0.39086E+02    0.45077E+02
  -0.38101E-01    0.68655E+01    0.39086E+02    0.45077E+02
  -0.38101E-01    0.68655E+01    0.39086E+02    0.45077E+02
  -0.38101E-01    0.67233E+01    0.39086E+02    0.45077E+02
  -0.38101E-01    0.67233E+01    0.39086E+02    0.45077E+02
  -0.38101E-01    0.54525E+01    0.39086E+02    0.45077E+02
  -0.38101E-01    0.54525E+01    0.39086E+02    0.45077E+02
  -0.38101E-01    0.97800E+01    0.39086E+02    0.45077E+02
  -0.38101E-01    0.97800E+01    0.39086E+02    0.45077E+02
  -0.38101E-01    0.38808E+01    0.39086E+02    0.45077E+02
  -0.38101E-01    0.38808E+01    0.39086E+02    0.45077E+02
  -0.38101E-01    0.00000E+00    0.39086E+02    0.45077E+02
  -0.38101E-01    0.00000E+00    0.39086E+02    0.45077E+02
  -0.38101E-01    0.34822E+01    0.39086E+02    0.45077E+02
  -0.38101E-01    0.34822E+01    0.39086E+02    0.45077E+02
  -0.38101E-01    0.44374E+01    0.39086E+02    0.45077E+02
  -0.38101E-01    0.44374E+01    0.39086E+02    0.45077E+02
  -0.38101E-01    0.99184E+01    0.39086E+02    0.45077E+02
  -0.38101E-01    0.99184E+01    0.39086E+02    0.45077E+02
  -0.38101E-01    0.78481E+01    0.39086E+02    0.45077E+02
  -0.38101E-01    0.78481E+01    0.39086E+02    0.45077E+02
  -0.38101E-01    0.29430E+01    0.39086E+02    0.45077E+02
  -0.38101E-01    0.29430E+01    0.39086E+02    0.45077E+02
  -0.38101E-01    0.57102E+01    0.39086E+02    0.45077E+02
  -0.38101E-01    0.57102E+01    0.39086E+02    0.45077E+02
  -0.38101E-01    0.35312E+01    0.39086E+02    0.45077E+02
  -0.38101E-01    0.35312E+01    0.39086E+02    0.45077E+02
  -0.38101E-01    0.30627E+01    0.39086E+02    0.45077E+02
  -0.38101E-01    0.30627E+01    0.39086E+02    0.45077E+02
  -0.38101E-01    0.00000E+00    0.39086E+02    0.45077E+02
  -0.38101E-01    0.00000E+00    0.39086E+02    0.45077E+02
  -0.38101E-01    0.31389E+01    0.39086E+02    0.45077E+02
  -0.38101E-01    0.31389E+01    0.39086E+02    0.45077E+02
  -0.38101E-01    0.67277E+00    0.39086E+02    0.45077E+02
  -0.38101E-01    0.67277E+00    0.39086E+02    0.45077E+02
  -0.38101E-01    0.00000E+00    0.39086E+02    0.45077E+02
  -0.38101E-01    0.00000E+00    0.39086E+02    0.45077E+02
  -0.38101E-01    0.67454E+01    0.39086E+02    0.45077E+02
  -0.38101E-01    0.67454E+01    0.39086E+02    0.45077E+02
  -0.38101E-01    0.00000E+00    0.39086E+02    0.45077E+02
  -0.38101E-01    0.00000E+00    0.39086E+02    0.45077E+02
  -0.38101E-01    0.63714E+01    0.39086E+02    0.45077E+02
  -0.38101E-01    0.63714E+01    0.39086E+02    0.45077E+02
  -0.38101E-01    0.98027E+01    0.39086E+02    0.45077E+02
  -0.38101E-01    0.98027E+01    0.39086E+02    0.45077E+02
  -0.38101E-01    0.72808E+01    0.39086E+02    0.45077E+02
  -0.38101E-01    0.72808E+01    0.39086E+02    0.45077E+02
  -0.38101E-01    0.59554E+01    0.39086E+02    0.45077E+02
  -0.38101E-01    0.59554E+01    0.39086E+02    0.45077E+02
  -0.38101E-01    0.36803E+01    0.39086E+02    0.45077E+02
  -0.38101E-01    0.36803E+01    0.39086E+02    0.45077E+02
  -0.38101E-01    0.79585E+00    0.39086E+02    0.45077E+02
  -0.38101E-01    0.79585E+00    0.39086E+02    0.45077E+02
  -0.38101E-01    0.57537E+01    0.39086E+02    0.45077E+02
  -0.38101E-01    0.57537E+01    0.39086E+02    0.45077E+02
  -0.38101E-01    0.38715E+01    0.39086E+02    0.45077E+02
  -0.38101E-01    0.38715E+01    0.39086E+02    0.45077E+02
  -0.38101E-01    0.69759E+01    0.39086E+02    0.45077E+02
  -0.38101E-01    0.69759E+01    0.39086E+02    0.45077E+02
  -0.38101E-01    0.10149E+01    0.39086E+02    0.45077E+02
  -0.38101E-01    0.10149E+01    0.39086E+02    0.45077E+02
  -0.38101E-01    0.00000E+00    0.39086E+02    0.45077E+02
  -0.38101E-01    0.00000E+00    0.39086E+02    0.45077E+02
  -0.38101E-01    0.28366E+01    0.39086E+02    0.45077E+02
  -0.38101E-01    0.28366E+01    0.39086E+02    0.45077E+02
  -0.38101E-01    0.66349E+01    0.39086E+02    0.45077E+02
  -0.38101E-01    0.66349E+01    0.39086E+02    0.45077E+02
  -0.38101E-01    0.27900E+01    0.39086E+02    0.45077E+02
  -0.38101E-01    0.27900E+01    0.39086E+02    0.45077E+02
  -0.38101E-01    0.29782E+01    0.39086E+02    0.45077E+02
  -0.38101E-01    0.29782E+01    0.39086E+02    0.45077E+02
  -0.38101E-01    0.36743E+00    0.39086E+02    0.45077E+02
  -0.38101E-01    0.36743E+00    0.39086E+02    0.45077E+02
  -0.38101E-01    0.21911E+01    0.39086E+02    0.45077E+02
  -0.38101E-01    0.21911E+01    0.39086E+02    0.45077E+02
  -0.38101E-01    0.00000E+00    0.39086E+02    0.45077E+02
  -0.38101E-01    0.00000E+00    0.39086E+02    0.45077E+02
  -0.38101E-01    0.70667E+01    0.39086E+02    0.45077E+02
  -0.38101E-01    0.70667E+01    0.39086E+02    0.45077E+02
  -0.38101E-01    0.00000E+00    0.39086E+02    0.45077E+02
  -0.38101E-01    0.00000E+00    0.39086E+02    0.45077E+02
  -0.38101E-01    0.69303E+01    0.39086E+02    0.45077E+02
  -0.38101E-01    0.69303E+01    0.39086E+02    0.45077E+02
  -0.38101E-01    0.53772E-01    0.39086E+02    0.45077E+02
  -0.38101E-01    0.53772E-01    0.39086E+02    0.45077E+02
  -0.38101E-01    0.28012E+01    0.39086E+02    0.45077E+02
  -0.38101E-01    0.28012E+01    0.39086E+02    0.45077E+02
  -0.38101E-01    0.00000E+00    0.39086E+02    0.45077E+02
  -0.38101E-01    0.00000E+00    0.39086E+02    0.45077E+02
  -0.38101E-01    0.92531E+00    0.39086E+02    0.45077E+02
  -0.38101E-01    0.92531E+00    0.39086E+02    0.45077E+02
  -0.38101E-01    0.45431E+01    0.39086E+02    0.45077E+02
  -0.38101E-01    0.45431E+01    0.39086E+02    0.45077E+02
  -0.38101E-01    0.96518E+01    0.39086E+02    0.45077E+02
  -0.38101E-01    0.96518E+01    0.39086E+02    0.45077E+02
  -0.38101E-01    0.60695E+00    0.39086E+02    0.45077E+02
  -0.38101E-01    0.60695E+00    0.39086E+02    0.45077E+02
  -0.38101E-01    0.00000E+00    0.39086E+02    0.45077E+02
  -0.38101E-01    0.00000E+00    0.39086E+02    0.45077E+02
  -0.38101E-01    0.42770E+01    0.39086E+02    0.45077E+02
  -0.38101E-01    0.42770E+01    0.39086E+02    0.45077E+02
  -0.38101E-01    0.42648E+01    0.39086E+02    0.45077E+02
  -0.38101E-01    0.42648E+01    0.39086E+02    0.45077E+02
  -0.38101E-01    0.13790E+01    0.39086E+02    0.45077E+02
  -0.38101E-01    0.13790E+01    0.39086E+02    0.45077E+02
  -0.38101E-01    0.33774E+01    0.39086E+02    0.45077E+02
  -0.38101E-01    0.33774E+01    0.39086E+02    0.45077E+02
  -0.38101E-01    0.47461E+01    0.39086E+02    0.45077E+02
  -0.38101E-01    0.47461E+01    0.39086E+02    0.45077E+02
  -0.38101E-01    0.00000E+00    0.39086E+02    0.45077E+02
  -0.38101E-01    0.00000E+00    0.39086E+02    0.45077E+02
  -0.38101E-01    0.49534E+01    0.39086E+02    0.45077E+02
  -0.38101E-01    0.49534E+01    0.39086E+02    0.45077E+02
  -0.38101E-01    0.18916E+01    0.39086E+02    0.45077E+02
  -0.38101E-01    0.18916E+01    0.39086E+02    0.45077E+02
  -0.38101E-01    0.45805E+01    0.39086E+02    0.45077E+02
  -0.38101E-01    0.45805E+01    0.39086E+02    0.45077E+02
  -0.38101E-01    0.17156E+01    0.39086E+02    0.45077E+02
  -0.38101E-01    0.17156E+01    0.39086E+02    0.45077E+02
  -0.38101E-01    0.35128E+01    0.39086E+02    0.45077E+02
  -0.38101E-01    0.35128E+01    0.39086E+02    0.45077E+02
  -0.38101E-01    0.00000E+00    0.39086E+02    0.45077E+02
  -0.38101E-01    0.00000E+00    0.39086E+02    0.45077E+02
  -0.38101E-01    0.38085E+01    0.39086E+02    0.45077E+02
  -0.38101E-01    0.38085E+01    0.39086E+02    0.45077E+02
  -0.38101E-01    0.23233E+01    0.39086E+02    0.45077E+02
  -0.38101E-01    0.23233E+01    0.39086E+02    0.45077E+02
  -0.38101E-01    0.19002E+01    0.39086E+02    0.45077E+02
  -0.38101E-01    0.19002E+01    0.39086E+02    0.45077E+02
  -0.38101E-01    0.00000E+00    0.39086E+02    0.45077E+02
  -0.38101E-01    0.00000E+00    0.39086E+02    0.45077E+02
  -0.38101E-01    0.31934E+01    0.39086E+02    0.45077E+02
  -0.38101E-01    0.31934E+01    0.39086E+02    0.45077E+02
  -0.38101E-01    0.17698E+01    0.39086E+02    0.45077E+02
  -0.38101E-01    0.17698E+01    0.39086E+02    0.45077E+02
  -0.38101E-01    0.00000E+00    0.39086E+02    0.45077E+02
  -0.38101E-01    0.00000E+00    0.39086E+02    0.45077E+02
  -0.38101E-01    0.26292E+01    0.39086E+02    0.45077E+02
  -0.38101E-01    0.26292E+01    0.39086E+02    0.45077E+02
  -0.38101E-01    0.00000E+00    0.39086E+02    0.45077E+02
  -0.38101E-01    0.00000E+00    0.39086E+02    0.45077E+02
  -0.38101E-01    0.24443E+01    0.39086E+02    0.45077E+02
  -0.38101E-01    0.24443E+01    0.39086E+02    0.45077E+02
  -0.38101E-01    0.13820E+01    0.39086E+02    0.45077E+02
  -0.38101E-01    0.13820E+01    0.39086E+02    0.45077E+02
  -0.38101E-01    0.00000E+00    0.39086E+02    0.45077E+02
  -0.38101E-01    0.00000E+00    0.39086E+02    0.45077E+02
  -0.38101E-01    0.32180E+01    0.39086E+02    0.45077E+02
  -0.38101E-01    0.32180E+01    0.39086E+02    0.45077E+02
  -0.38101E-01    0.00000E+00    0.39086E+02    0.45077E+02
  -0.38101E-01    0.00000E+00    0.39086E+02    0.45077E+02
  -0.38101E-01    0.10768E+01    0.39086E+02    0.45077E+02
  -0.38101E-01    0.10768E+01    0.39086E+02    0.45077E+02
  -0.38101E-01    0.00000E+00    0.39086E+02    0.45077E+02
  -0.38101E-01    0.00000E+00    0.39086E+02    0.45077E+02
  -0.38101E-01    0.83098E+01    0.39086E+02    0.45077E+02
  -0.38101E-01    0.83098E+01    0.39086E+02    0.45077E+02
  -0.38101E-01    0.31401E+01    0.39086E+02    0.45077E+02
  -0.38101E-01    0.31401E+01    0.39086E+02    0.45077E+02
  -0.38101E-01    0.00000E+00    0.39086E+02    0.45077E+02
  -0.38101E-01    0.00000E+00    0.39086E+02    0.45077E+02
  -0.38101E-01    0.29178E+01    0.39086E+02    0.45077E+02
  -0.38101E-01    0.29178E+01    0.39086E+02    0.45077E+02
  -0.38101E-01    0.36086E+01    0.39086E+02    0.45077E+02
  -0.38101E-01    0.36086E+01    0.39086E+02    0.45077E+02
  -0.38101E-01    0.54682E+01    0.39086E+02    0.45077E+02
  -0.38101E-01    0.54682E+01    0.39086E+02    0.45077E+02
  -0.38101E-01    0.00000E+00    0.39086E+02    0.45077E+02
  -0.38101E-01    0.00000E+00    0.39086E+02    0.45077E+02
  -0.38101E-01    0.31078E+01    0.39086E+02    0.45077E+02
  -0.38101E-01    0.31078E+01    0.39086E+02    0.45077E+02
  -0.38101E-01    0.69686E+01    0.39086E+02    0.45077E+02
  -0.38101E-01    0.69686E+01    0.39086E+02    0.45077E+02
  -0.38101E-01    0.30669E+01    0.39086E+02    0.45077E+02
  -0.38101E-01    0.30669E+01    0.39086E+02    0.45077E+02
  -0.38101E-01    0.56184E+01    0.39086E+02    0.45077E+02
  -0.38101E-01    0.56184E+01    0.39086E+02    0.45077E+02
  -0.38101E-01    0.00000E+00    0.39086E+02    0.45077E+02
  -0.38101E-01    0.00000E+00    0.39086E+02    0.45077E+02
  -0.38101E-01    0.59894E+01    0.39086E+02    0.45077E+02
  -0.38101E-01    0.59894E+01    0.39086E+02    0.45077E+02
  -0.38101E-01    0.27543E+01    0.39086E+02    0.45077E+02
  -0.38101E-01    0.27543E+01    0.39086E+02    0.45077E+02
  -0.38101E-01    0.59824E+01    0.39086E+02    0.45077E+02
  -0.38101E-01    0.59824E+01    0.39086E+02    0.45077E+02
  -0.38101E-01    0.38290E+01    0.39086E+02    0.45077E+02
  -0.38101E-01    0.38290E+01    0.39086E+02    0.45077E+02
  -0.38101E-01    0.62027E+01    0.39086E+02    0.45077E+02
  -0.38101E-01    0.62027E+01    0.39086E+02    0.45077E+02
  -0.38101E-01    0.20791E+01    0.39086E+02    0.45077E+02
  -0.38101E-01    0.20791E+01    0.39086E+02    0.45077E+02
  -0.38101E-01    0.37268E+01    0.39086E+02    0.45077E+02
  -0.38101E-01    0.37268E+01    0.39086E+02    0.45077E+02
  -0.38101E-01    0.72543E+01    0.39086E+02    0.45077E+02
  -0.38101E-01    0.72543E+01    0.39086E+02    0.45077E+02
  -0.38101E-01    0.49226E+01    0.39086E+02    0.45077E+02
  -0.38101E-01    0.49226E+01    0.39086E+02    0.45077E+02
  -0.38101E-01    0.29810E+01    0.39086E+02    0.45077E+02
  -0.38101E-01    0.29810E+01    0.39086E+02    0.45077E+02
  -0.38101E-01    0.24286E+01    0.39086E+02    0.45077E+02
  -0.38101E-01    0.24286E+01    0.39086E+02    0.45077E+02
  -0.38101E-01    0.33690E+01    0.39086E+02    0.45077E+02
  -0.38101E-01    0.33690E+01    0.39086E+02    0.45077E+02
  -0.38101E-01    0.00000E+00    0.39086E+02    0.45077E+02
  -0.38101E-01    0.00000E+00    0.39086E+02    0.45077E+02
  -0.38101E-01    0.00000E+00    0.39086E+02    0.45077E+02
  -0.38101E-01    0.00000E+00    0.39086E+02    0.45077E+02
  -0.38101E-01    0.00000E+00    0.39086E+02    0.45077E+02
  -0.38101E-01    0.00000E+00    0.39086E+02    0.45077E+02
  -0.38101E-01    0.28286E+01    0.39086E+02    0.45077E+02
  -0.38101E-01    0.28286E+01    0.39086E+02    0.45077E+02
  -0.38101E-01    0.16971E+01    0.39086E+02    0.45077E+02
  -0.38101E-01    0.16971E+01    0.39086E+02    0.45077E+02
  -0.38101E-01    0.17562E+01    0.39086E+02    0.45077E+02
  -0.38101E-01    0.17562E+01    0.39086E+02    0.45077E+02
  -0.38101E-01    0.25560E+01    0.39086E+02    0.45077E+02
  -0.38101E-01    0.25560E+01    0.39086E+02    0.45077E+02
  -0.38101E-01    0.00000E+00    0.39086E+02    0.45077E+02
  -0.38101E-01    0.00000E+00    0.39086E+02    0.45077E+02
  -0.38101E-01    0.23331E+01    0.39086E+02    0.45077E+02
  -0.38101E-01    0.23331E+01    0.39086E+02    0.45077E+02
  -0.38101E-01    0.14466E+01    0.39086E+02    0.45077E+02
  -0.38101E-01    0.14466E+01    0.39086E+02    0.45077E+02
  -0.38101E-01    0.00000E+00    0.39086E+02    0.45077E+02
  -0.38101E-01    0.00000E+00    0.39086E+02    0.45077E+02
  -0.38101E-01    0.32662E+01    0.39086E+02    0.45077E+02
  -0.38101E-01    0.32662E+01    0.39086E+02    0.45077E+02
  -0.38101E-01    0.14905E+01    0.39086E+02    0.45077E+02
  -0.38101E-01    0.14905E+01    0.39086E+02    0.45077E+02
  -0.38101E-01    0.20096E+01    0.39086E+02    0.45077E+02
  -0.38101E-01    0.20096E+01    0.39086E+02    0.45077E+02
  -0.38101E-01    0.28322E+01    0.39086E+02    0.45077E+02
  -0.38101E-01    0.28322E+01    0.39086E+02    0.45077E+02
  -0.38101E-01    0.00000E+00    0.39086E+02    0.45077E+02
  -0.38101E-01    0.00000E+00    0.39086E+02    0.45077E+02
  -0.38101E-01    0.40668E+01    0.39086E+02    0.45077E+02
  -0.38101E-01    0.40668E+01    0.39086E+02    0.45077E+02
  -0.38101E-01    0.49296E+01    0.39086E+02    0.45077E+02
  -0.38101E-01    0.49296E+01    0.39086E+02    0.45077E+02
  -0.38101E-01    0.34866E+00    0.39086E+02    0.45077E+02
  -0.38101E-01    0.34866E+00    0.39086E+02    0.45077E+02
  -0.38101E-01    0.19658E+01    0.39086E+02    0.45077E+02
  -0.38101E-01    0.19658E+01    0.39086E+02    0.45077E+02
  -0.38101E-01    0.10811E+01    0.39086E+02    0.45077E+02
  -0.38101E-01    0.10811E+01    0.39086E+02    0.45077E+02
  -0.38101E-01    0.55055E+01    0.39086E+02    0.45077E+02
  -0.38101E-01    0.55055E+01    0.39086E+02    0.45077E+02
  -0.38101E-01    0.00000E+00    0.39086E+02    0.45077E+02
  -0.38101E-01    0.00000E+00    0.39086E+02    0.45077E+02
  -0.38101E-01    0.22041E+01    0.39086E+02    0.45077E+02
  -0.38101E-01    0.22041E+01    0.39086E+02    0.45077E+02
  -0.38101E-01    0.00000E+00    0.39086E+02    0.45077E+02
  -0.38101E-01    0.00000E+00    0.39086E+02    0.45077E+02
  -0.38101E-01    0.16558E+01    0.39086E+02    0.45077E+02
  -0.38101E-01    0.16558E+01    0.39086E+02    0.45077E+02
  -0.38101E-01    0.32897E+01    0.39086E+02    0.45077E+02
  -0.38101E-01    0.32897E+01    0.39086E+02    0.45077E+02
  -0.38101E-01    0.21532E+01    0.39086E+02    0.45077E+02
  -0.38101E-01    0.21532E+01    0.39086E+02    0.45077E+02
  -0.38101E-01    0.51669E+00    0.39086E+02    0.45077E+02
  -0.38101E-01    0.51669E+00    0.39086E+02    0.45077E+02
  -0.38101E-01    0.17001E+01    0.39086E+02    0.45077E+02
  -0.38101E-01    0.17001E+01    0.39086E+02    0.45077E+02
  -0.38101E-01    0.00000E+00    0.39086E+02    0.45077E+02
  -0.38101E-01    0.00000E+00    0.39086E+02    0.45077E+02
  -0.38101E-01    0.00000E+00    0.39086E+02    0.45077E+02
  -0.38101E-01    0.00000E+00    0.39086E+02    0.45077E+02
  -0.38101E-01    0.94600E+01    0.39086E+02    0.45077E+02
  -0.38101E-01    0.94600E+01    0.39086E+02    0.45077E+02
  -0.38101E-01    0.55384E+01    0.39086E+02    0.45077E+02
  -0.38101E-01    0.55384E+01    0.39086E+02    0.45077E+02
  -0.38101E-01    0.51579E+01    0.39086E+02    0.45077E+02
  -0.38101E-01    0.51579E+01    0.39086E+02    0.45077E+02
  -0.38101E-01    0.48485E+01    0.39086E+02    0.45077E+02
  -0.38101E-01    0.48485E+01    0.39086E+02    0.45077E+02
  -0.38101E-01    0.33313E+01    0.39086E+02    0.45077E+02
  -0.38101E-01    0.33313E+01    0.39086E+02    0.45077E+02
  -0.38101E-01    0.47133E+01    0.39086E+02    0.45077E+02
  -0.38101E-01    0.47133E+01    0.39086E+02    0.45077E+02
  -0.38101E-01    0.24190E+01    0.39086E+02    0.45077E+02
  -0.38101E-01    0.24190E+01    0.39086E+02    0.45077E+02
  -0.38101E-01    0.30054E+01    0.39086E+02    0.45077E+02
  -0.38101E-01    0.30054E+01    0.39086E+02    0.45077E+02
  -0.38101E-01    0.60152E+01    0.39086E+02    0.45077E+02
  -0.38101E-01    0.60152E+01    0.39086E+02    0.45077E+02
  -0.38101E-01    0.13695E+01    0.39086E+02    0.45077E+02
  -0.38101E-01    0.13695E+01    0.39086E+02    0.45077E+02
  -0.38101E-01    0.00000E+00    0.39086E+02    0.45077E+02
  -0.38101E-01    0.00000E+00    0.39086E+02    0.45077E+02
  -0.38101E-01    0.14681E+01    0.39086E+02    0.45077E+02
  -0.38101E-01    0.14681E+01    0.39086E+02    0.45077E+02
  -0.38101E-01    0.11364E+01    0.39086E+02    0.45077E+02
  -0.38101E-01    0.11364E+01    0.39086E+02    0.45077E+02
  -0.38101E-01    0.00000E+00    0.39086E+02    0.45077E+02
  -0.38101E-01    0.00000E+00    0.39086E+02    0.45077E+02
  -0.38101E-01    0.48496E+01    0.39086E+02    0.45077E+02
  -0.38101E-01    0.48496E+01    0.39086E+02    0.45077E+02
  -0.38101E-01    0.31150E+01    0.39086E+02    0.45077E+02
  -0.38101E-01    0.31150E+01    0.39086E+02    0.45077E+02
  -0.38101E-01    0.14074E+01    0.39086E+02    0.45077E+02
  -0.38101E-01    0.14074E+01    0.39086E+02    0.45077E+02
  -0.38101E-01    0.61688E+01    0.39086E+02    0.45077E+02
  -0.38101E-01    0.61688E+01    0.39086E+02    0.45077E+02
  -0.38101E-01    0.52962E+01    0.39086E+02    0.45077E+02
  -0.38101E-01    0.52962E+01    0.39086E+02    0.45077E+02
  -0.38101E-01    0.39643E+01    0.39086E+02    0.45077E+02
  -0.38101E-01    0.39643E+01    0.39086E+02    0.45077E+02
  -0.38101E-01    0.00000E+00    0.39086E+02    0.45077E+02
  -0.38101E-01    0.00000E+00    0.39086E+02    0.45077E+02
  -0.38101E-01    0.83108E+00    0.39086E+02    0.45077E+02
  -0.38101E-01    0.83108E+00    0.39086E+02    0.45077E+02
  -0.38101E-01    0.13474E+01    0.39086E+02    0.45077E+02
  -0.38101E-01    0.13474E+01    0.39086E+02    0.45077E+02
  -0.38101E-01    0.28231E+01    0.39086E+02    0.45077E+02
  -0.38101E-01    0.28231E+01    0.39086E+02    0.45077E+02
  -0.38101E-01    0.37475E+01    0.39086E+02    0.45077E+02
  -0.38101E-01    0.37475E+01    0.39086E+02    0.45077E+02
  -0.38101E-01    0.13243E+01    0.39086E+02    0.45077E+02
  -0.38101E-01    0.13243E+01    0.39086E+02    0.45077E+02
  -0.38101E-01    0.36303E+01    0.39086E+02    0.45077E+02
  -0.38101E-01    0.36303E+01    0.39086E+02    0.45077E+02
  -0.38101E-01    0.00000E+00    0.39086E+02    0.45077E+02
  -0.38101E-01    0.00000E+00    0.39086E+02    0.45077E+02
  -0.38101E-01    0.00000E+00    0.39086E+02    0.45077E+02
  -0.38101E-01    0.00000E+00    0.39086E+02    0.45077E+02
  -0.38101E-01    0.14902E+01    0.39086E+02    0.45077E+02
  -0.38101E-01    0.14902E+01    0.39086E+02    0.45077E+02
  -0.38101E-01    0.82946E+01    0.39086E+02    0.45077E+02
  -0.38101E-01    0.82946E+01    0.39086E+02    0.45077E+02
  -0.38101E-01    0.29663E+01    0.39086E+02    0.45077E+02
  -0.38101E-01    0.29663E+01    0.39086E+02    0.45077E+02
  -0.38101E-01    0.41322E+01    0.39086E+02    0.45077E+02
  -0.38101E-01    0.41322E+01    0.39086E+02    0.45077E+02
  -0.38101E-01    0.67229E+01    0.39086E+02    0.45077E+02
  -0.38101E-01    0.67229E+01    0.39086E+02    0.45077E+02
  -0.38101E-01    0.20977E+01    0.39086E+02    0.45077E+02
  -0.38101E-01    0.20977E+01    0.39086E+02    0.45077E+02
  -0.38101E-01    0.36433E+01    0.39086E+02    0.45077E+02
  -0.38101E-01    0.36433E+01    0.39086E+02    0.45077E+02
  -0.38101E-01    0.33252E+01    0.39086E+02    0.45077E+02
  -0.38101E-01    0.33252E+01    0.39086E+02    0.45077E+02
  -0.38101E-01    0.28483E+01    0.39086E+02    0.45077E+02
